52.193982,0.136063,38.3,29.5,109.9
52.194198,0.135639,38.4,29.6,110.3
52.194231,0.135464,38.5,29.5,108.6
52.194222,0.135217,48.4,32.0,106.8
52.194378,0.134609,47.9,32.4,91.5
52.194400,0.134535,47.5,32.6,85.2
52.194482,0.134522,46.4,34.7,86.7
52.194616,0.134496,46.3,34.8,81.7
52.194696,0.134521,44.5,34.7,79.4
52.194850,0.134558,39.6,34.4,80.0
52.195032,0.134627,39.6,34.3,64.4
52.195087,0.134672,39.1,34.3,60.2
52.195169,0.134735,39.4,34.2,57.6
52.195550,0.134866,39.3,34.1,56.2
52.195631,0.134918,39.0,34.0,56.0
52.195711,0.134973,41.6,34.6,56.8
52.196011,0.134989,41.4,34.6,55.2
52.196129,0.134881,41.5,34.4,53.0
52.196177,0.134705,40.4,34.7,53.5
52.196279,0.134085,40.4,35.0,56.5
52.196302,0.133888,40.9,35.6,55.7
52.196331,0.133618,48.0,37.7,52.8
52.196403,0.133213,48.0,38.0,51.7
52.196461,0.133103,47.9,38.2,51.3
52.196634,0.133078,44.1,35.0,48.8
52.196926,0.133071,44.6,34.7,47.2
52.197008,0.133079,43.8,34.3,47.1
52.197089,0.132958,35.5,30.7,44.6
52.197291,0.132078,35.7,30.8,46.2
52.197319,0.131996,35.9,30.9,49.7
52.197397,0.132007,36.9,29.8,52.5
52.197473,0.132230,36.4,29.6,52.8
52.197520,0.132340,36.7,29.6,53.8
52.197602,0.132453,35.6,28.8,55.4
52.197838,0.132397,35.6,28.8,54.8
52.197934,0.132278,34.9,28.6,57.2
52.198074,0.132124,38.8,29.8,61.0
52.198470,0.131624,39.0,29.9,71.0
52.198577,0.131467,39.0,30.0,69.4
52.198688,0.131265,39.5,31.8,71.8
52.198931,0.131002,39.1,32.1,73.9
52.199024,0.130889,39.0,32.2,72.8
52.199175,0.130663,37.6,33.3,64.1
52.199573,0.130131,37.0,32.9,58.4
52.199639,0.129961,36.9,32.8,50.3
52.199714,0.129791,38.0,31.0,52.0
52.199943,0.129553,37.3,30.8,48.8
52.200045,0.129470,36.5,30.5,48.7
52.200137,0.129351,36.9,29.2,48.4
52.200328,0.129061,35.6,29.3,42.4
52.200337,0.128991,35.4,29.3,42.6
52.200321,0.128869,33.7,29.0,34.6
52.200147,0.128464,32.6,28.8,26.4
52.200134,0.128338,32.3,28.8,26.8
52.200147,0.128225,36.8,29.9,28.4
52.200341,0.128075,37.9,30.0,28.1
52.200421,0.128017,38.2,29.9,23.1
52.200532,0.127980,39.0,29.8,21.5
52.200945,0.128003,39.7,29.8,19.4
52.201081,0.128022,40.5,30.0,17.6
52.201264,0.128040,36.5,29.3,16.1
52.201596,0.128101,36.1,29.5,14.5
52.201738,0.128125,39.0,29.5,13.6
52.201914,0.128153,39.2,29.9,12.9
52.202194,0.128178,39.6,29.9,12.2
52.202319,0.128188,38.6,29.7,12.8
52.202498,0.128210,38.1,29.6,13.0
52.202983,0.128278,38.0,29.7,12.8
52.203114,0.128295,37.9,29.7,12.5
52.203289,0.128318,39.2,29.7,12.8
52.203623,0.128350,39.9,29.7,13.3
52.203668,0.128293,40.5,29.8,14.4
52.203708,0.128262,41.3,30.2,15.8
52.203818,0.128077,41.5,30.3,22.6
52.203871,0.127981,41.7,30.5,32.5
52.203906,0.127837,41.1,30.4,38.5
52.203993,0.127326,40.9,30.4,26.2
52.204070,0.127383,41.2,30.3,29.4
52.204191,0.127469,37.4,29.3,31.5
52.204426,0.127634,37.6,29.1,33.2
52.204534,0.127712,37.1,29.0,33.6
52.204680,0.127831,36.9,29.6,37.8
52.204906,0.127970,35.5,29.3,32.2
52.204991,0.128045,35.4,29.3,34.4
52.205124,0.128153,34.7,29.3,35.2
52.205312,0.128316,35.3,29.1,30.5
52.205464,0.128426,35.5,29.3,33.3
52.205669,0.128558,35.2,28.2,33.7
52.206020,0.128790,35.3,28.3,28.1
52.206162,0.128885,35.5,28.5,27.9
52.206291,0.128978,34.7,28.3,28.6
52.206576,0.129020,35.2,28.2,34.7
52.206721,0.129015,34.0,28.4,36.7
52.206917,0.129036,35.0,29.3,40.8
52.207205,0.129075,35.4,29.5,50.0
52.207319,0.129095,35.8,29.6,54.7
52.207412,0.129121,37.4,30.0,57.3
52.207619,0.129263,37.9,30.2,53.9
52.207716,0.129235,38.4,30.2,53.2
52.207825,0.129210,39.6,29.8,51.4
52.208094,0.129115,39.2,29.6,46.7
52.208259,0.129007,38.6,29.6,41.4
52.208496,0.128859,36.9,28.6,35.3
52.208852,0.128608,36.6,28.4,28.7
52.209017,0.128503,36.3,28.5,27.6
52.209226,0.128370,32.7,27.2,26.8
52.209557,0.128134,32.2,27.1,24.5
52.209693,0.128034,31.9,27.2,23.9
52.209868,0.127896,31.4,27.2,21.5
52.210153,0.127697,31.3,27.2,21.7
52.210259,0.127625,31.1,27.0,22.7
52.210343,0.127558,32.3,28.3,23.4
52.210414,0.127474,33.1,28.3,24.7
52.210520,0.127403,34.0,28.3,26.6
52.210670,0.127342,33.9,28.0,29.4
52.210931,0.127223,34.5,28.0,32.7
52.211041,0.127144,34.6,27.8,31.8
52.211183,0.126967,37.4,28.0,30.7
52.211435,0.126661,37.2,28.0,31.8
52.211616,0.126546,37.2,28.1,35.9
52.211748,0.126445,37.8,28.5,36.6
52.212038,0.126072,37.7,28.6,38.2
52.212165,0.125974,37.9,28.5,41.9
52.212398,0.125863,38.4,29.7,43.3
52.212730,0.125815,38.7,30.1,47.6
52.212892,0.125785,38.9,30.2,49.4
52.213119,0.125703,39.2,31.4,43.6
52.213543,0.125703,39.3,31.5,42.0
52.213732,0.125736,39.4,31.6,44.1
52.213916,0.125736,43.7,33.0,47.5
52.214131,0.125689,43.2,32.8,50.3
52.214200,0.125666,42.5,32.3,52.9
52.214191,0.125578,41.4,31.2,54.7
52.214275,0.125404,41.6,31.3,59.2
52.214358,0.125334,40.9,31.3,59.8
52.214483,0.125302,35.4,30.5,65.7
52.214649,0.125324,34.9,30.4,67.7
52.214734,0.125366,34.8,30.1,66.7
52.214930,0.125493,33.4,29.7,67.7
52.215240,0.125571,33.4,29.8,53.0
52.215348,0.125628,34.1,29.8,50.7
52.215485,0.125695,34.6,30.6,48.6
52.215760,0.125824,34.9,30.8,47.1
52.215865,0.125877,35.9,30.8,48.4
52.215990,0.125945,39.8,32.3,47.6
52.216177,0.126047,40.0,32.5,41.3
52.216285,0.126086,39.9,32.4,41.0
52.216459,0.126053,41.5,32.6,41.2
52.216761,0.125812,41.9,32.7,45.3
52.216864,0.125668,41.5,32.7,47.0
52.217008,0.125487,49.2,34.5,49.2
52.217278,0.125134,49.7,34.6,48.6
52.217394,0.124964,50.0,34.5,46.0
52.217523,0.124746,58.1,33.7,44.9
52.217803,0.124363,57.7,33.6,42.9
52.217906,0.124171,57.9,33.6,41.5
52.218035,0.123946,60.6,31.7,39.5
52.218265,0.123566,58.8,31.4,37.6
52.218362,0.123402,54.9,30.8,37.6
52.218484,0.123201,46.1,30.9,39.0
52.218722,0.122818,46.0,30.9,39.2
52.218826,0.122667,46.0,30.8,37.1
52.218963,0.122697,35.2,29.2,31.6
52.219130,0.122937,33.4,29.1,29.2
52.219202,0.123033,33.0,29.0,27.2
52.219306,0.123219,31.7,28.3,26.0
52.219543,0.123528,31.9,28.5,25.1
52.219699,0.123541,31.9,28.5,26.4
52.219872,0.123445,32.7,29.3,27.5
52.220140,0.123185,32.6,29.2,27.5
52.220261,0.123072,32.5,29.1,27.9
52.220390,0.122905,33.4,29.8,27.2
52.220627,0.122611,33.6,29.9,27.3
52.220732,0.122480,33.6,30.0,27.1
52.220875,0.122303,34.5,30.2,26.4
52.221095,0.121984,34.3,30.1,26.6
52.221195,0.121840,35.0,30.1,26.3
52.221324,0.121643,34.4,28.8,27.0
52.221539,0.121313,34.0,28.4,27.4
52.221653,0.121162,34.0,28.2,28.6
52.221768,0.120982,34.3,26.7,29.7
52.221960,0.120632,34.3,26.8,30.6
52.222030,0.120462,33.6,26.7,32.8
52.222105,0.120270,35.9,29.0,36.3
52.222194,0.120023,36.2,29.2,48.5
52.222226,0.119948,36.0,29.3,53.6
52.222252,0.119902,38.1,31.5,46.9
52.222405,0.119789,37.2,31.5,46.6
52.222507,0.119756,36.9,31.3,36.0
52.222610,0.119693,36.1,29.7,20.2
52.222839,0.119836,36.2,29.7,21.6
52.222966,0.119948,36.3,29.8,20.8
52.223136,0.120077,37.9,29.7,23.5
52.223393,0.119925,38.2,29.8,27.0
52.223450,0.119789,37.3,29.3,35.5
52.223532,0.119622,37.0,30.1,42.6
52.223749,0.119442,36.9,30.0,47.4
52.223880,0.119421,37.1,30.1,23.9
52.224054,0.119498,36.3,30.5,20.5
52.224362,0.119635,36.3,30.3,15.6
52.224476,0.119642,35.9,30.0,10.6
52.224609,0.119707,39.1,30.3,8.8
52.224851,0.119559,39.0,30.4,15.0
52.224950,0.119488,38.7,30.1,24.2
52.225088,0.119564,36.8,29.1,31.5
52.225414,0.119583,35.9,28.7,39.6
52.225482,0.119424,35.9,28.7,45.5
52.225550,0.119227,35.6,28.3,51.3
52.225665,0.118796,34.2,28.4,50.5
52.217679,0.087131,31.0,25.0,43.9
52.217829,0.087156,31.8,25.0,45.4
52.218004,0.087149,33.9,25.2,43.4
52.218069,0.087160,35.7,25.5,41.2
52.218161,0.087246,36.8,25.5,36.9
52.218240,0.087391,44.9,26.8,34.2
52.218326,0.087841,46.9,27.0,34.6
52.218372,0.087922,46.6,26.9,33.8
52.218495,0.088039,42.0,26.3,30.1
52.218630,0.088335,40.8,26.3,27.8
52.218633,0.088494,40.5,26.2,28.0
52.218637,0.088700,36.7,25.2,30.8
52.218658,0.089078,37.1,25.2,30.4
52.218609,0.089220,35.2,25.0,31.8
52.218524,0.089417,35.7,24.9,34.1
52.218261,0.089957,35.6,25.1,37.8
52.218189,0.090110,35.6,25.1,38.7
52.218091,0.090304,33.1,24.9,40.5
52.217905,0.090680,33.1,24.9,42.1
52.217832,0.090839,33.5,25.1,43.4
52.217736,0.091056,33.2,25.7,45.3
52.217552,0.091459,33.5,25.6,47.1
52.217517,0.091722,33.8,25.7,36.4
52.217458,0.092010,35.6,25.2,27.9
52.217406,0.093550,35.2,25.0,29.9
52.217410,0.093762,35.2,25.3,29.9
52.217418,0.094042,35.8,25.8,29.9
52.217423,0.094633,36.0,26.0,30.1
52.217443,0.094754,35.9,26.0,30.6
52.217447,0.094929,38.2,25.7,31.0
52.217172,0.096037,37.7,25.5,28.8
52.217112,0.096251,38.1,25.5,28.0
52.217030,0.096517,31.7,23.7,28.3
52.216894,0.096993,32.1,23.7,31.2
52.216903,0.097200,31.4,23.5,36.1
52.216850,0.097436,30.9,22.4,40.6
52.216518,0.097399,31.3,22.4,29.0
52.216499,0.097410,30.9,22.4,29.4
52.216494,0.097401,31.7,22.0,27.3
52.216478,0.097463,32.6,22.0,25.5
52.216425,0.097560,32.8,22.1,24.8
52.216373,0.097778,29.4,22.4,25.9
52.215974,0.099724,29.5,22.7,62.7
52.216009,0.099891,30.0,23.0,57.5
52.216092,0.100058,32.4,25.6,46.9
52.216445,0.100573,32.2,25.5,32.9
52.216566,0.100711,33.3,25.7,31.3
52.216722,0.100899,32.4,25.8,29.2
52.217011,0.101240,31.9,25.5,30.3
52.217135,0.101383,31.1,25.3,30.0
52.217308,0.101560,31.0,24.1,28.7
52.217649,0.101921,31.3,24.4,28.2
52.217740,0.102055,31.2,24.3,28.2
52.217869,0.102231,33.6,25.3,27.9
52.217987,0.102384,34.2,25.3,28.8
52.217989,0.102415,34.2,25.5,29.7
52.218011,0.102517,37.4,26.5,29.1
52.217850,0.103041,38.0,26.5,36.1
52.217770,0.103244,38.0,26.6,38.2
52.217691,0.103491,47.1,26.9,40.3
52.218036,0.104061,46.5,26.9,39.9
52.218153,0.104232,45.4,27.0,40.0
52.218319,0.104470,43.6,26.7,39.9
52.218596,0.104866,45.6,26.7,39.5
52.218716,0.105036,45.7,26.8,39.6
52.218878,0.105257,33.5,25.9,39.7
52.219280,0.105841,34.7,26.0,39.5
52.219403,0.106007,34.9,26.2,40.1
52.219569,0.106256,34.8,26.7,38.8
52.219965,0.106796,35.1,26.8,33.4
52.220118,0.107003,35.9,26.6,31.2
52.220314,0.107273,33.7,26.6,28.9
52.220688,0.107764,34.1,26.8,33.3
52.220813,0.107942,33.8,26.7,33.2
52.220952,0.108118,37.1,26.0,29.8
52.221174,0.108515,37.0,26.0,25.6
52.221265,0.108639,37.2,26.0,25.7
52.221356,0.108763,36.7,25.0,22.6
52.221579,0.109087,36.4,24.8,19.1
52.221639,0.109242,36.8,24.8,22.6
52.221698,0.109433,38.0,25.3,36.1
52.221857,0.110016,37.5,25.3,34.9
52.221868,0.110224,38.2,25.3,35.0
52.221891,0.110462,39.1,26.1,37.6
52.222152,0.110669,39.0,26.2,34.0
52.222265,0.110789,39.6,26.2,32.4
52.222397,0.110959,32.2,25.5,31.0
52.222566,0.111289,32.1,25.5,32.4
52.222624,0.111322,31.8,25.5,33.4
52.222713,0.111305,37.1,26.4,37.6
52.223028,0.111423,37.8,26.6,39.2
52.223100,0.111440,38.5,26.6,39.7
52.223224,0.111441,41.4,27.3,40.7
52.223591,0.111409,41.6,27.2,45.3
52.223729,0.111386,42.1,27.1,47.0
52.223900,0.111408,36.5,27.0,49.1
52.224208,0.111423,36.0,27.0,52.2
52.224335,0.111450,35.5,27.1,52.5
52.224504,0.111436,33.6,26.3,53.2
52.224762,0.111550,33.6,26.3,41.0
52.224820,0.111550,33.2,26.3,39.1
52.224851,0.111555,36.9,25.9,37.6
52.226682,0.112321,36.3,25.7,32.6
52.226672,0.112557,36.8,25.5,32.5
52.226665,0.112886,30.7,24.5,29.6
52.226610,0.113589,30.7,24.6,27.1
52.226568,0.113799,31.4,24.7,28.4
52.226538,0.114098,30.2,23.8,31.2
52.226446,0.114621,30.4,23.8,35.5
52.214956,0.085907,14.0,12.8,11.7
52.215159,0.085998,14.0,12.8,8.1
52.215304,0.086102,13.4,12.3,6.0
52.215584,0.086678,13.4,12.3,4.2
52.215703,0.086854,13.6,12.5,4.3
52.215876,0.087035,13.2,12.1,4.3
52.216112,0.087238,13.2,12.1,6.1
52.216266,0.087394,13.2,12.1,9.4
52.216361,0.087553,12.5,11.6,11.3
52.216639,0.087893,12.8,11.8,28.4
52.216712,0.087963,12.6,11.6,36.2
52.216856,0.088063,13.3,12.2,42.7
52.217157,0.087990,13.3,12.2,44.4
52.217300,0.087999,13.3,12.2,47.9
52.217491,0.088006,13.8,12.8,48.1
52.217850,0.087977,13.8,12.8,39.6
52.217977,0.087957,13.7,12.8,34.4
52.218149,0.087943,13.6,12.8,33.8
52.218427,0.087966,13.7,12.8,34.9
52.218539,0.087985,13.7,12.8,32.3
52.218612,0.088117,13.2,12.3,23.0
52.218589,0.088401,13.1,12.1,19.0
52.218586,0.088579,13.2,12.2,19.7
52.218595,0.088844,13.0,11.8,24.4
52.218541,0.089309,12.9,11.7,27.7
52.218472,0.089500,13.1,11.9,29.2
52.218370,0.089735,12.9,11.7,29.1
52.218216,0.090167,12.8,11.6,27.1
52.218151,0.090345,12.9,11.7,25.0
52.218056,0.090587,12.5,11.6,24.9
52.217810,0.091179,12.5,11.6,27.3
52.217736,0.091342,12.3,11.4,27.5
52.217640,0.091559,13.1,12.2,28.0
52.217480,0.091942,13.1,12.2,30.1
52.217406,0.092106,13.1,12.2,29.2
52.217355,0.092375,13.6,12.6,29.6
52.217349,0.092863,13.5,12.5,28.4
52.217346,0.093060,13.6,12.6,26.9
52.217345,0.093330,13.3,12.3,25.8
52.217362,0.094161,13.4,12.4,24.5
52.217367,0.094314,13.5,12.5,23.3
52.217355,0.094491,13.3,12.1,22.7
52.217356,0.094751,13.2,12.0,17.4
52.217357,0.094889,13.2,12.0,17.7
52.217329,0.095153,13.3,11.9,15.0
52.217118,0.095958,14.0,12.0,30.6
52.217072,0.096153,13.7,11.8,34.4
52.217016,0.096448,13.6,12.2,37.1
52.216898,0.096920,13.6,12.3,41.5
52.216855,0.097131,13.6,12.3,42.2
52.216754,0.097397,13.8,12.6,42.8
52.216573,0.097840,13.6,12.5,47.6
52.216479,0.098032,13.7,12.6,46.8
52.216380,0.098276,13.5,12.5,49.0
52.216142,0.098816,13.6,12.5,47.7
52.216057,0.099081,13.4,12.4,43.7
52.215938,0.099375,12.8,11.7,44.3
52.215790,0.099695,12.6,11.5,38.4
52.215818,0.099776,12.6,11.5,37.8
52.215911,0.099904,12.0,11.0,37.0
52.216330,0.100439,12.2,11.2,33.4
52.216431,0.100530,12.1,11.1,34.0
52.216595,0.100697,12.1,11.2,33.2
52.217028,0.101111,12.2,11.3,38.3
52.217132,0.101211,12.3,11.4,39.6
52.217305,0.101399,12.4,11.5,39.5
52.217613,0.101732,12.5,11.6,40.0
52.217719,0.101915,12.6,11.7,38.9
52.217851,0.102086,13.6,12.3,39.7
52.217964,0.102248,13.5,12.2,33.7
52.217984,0.102307,13.5,12.2,29.8
52.218003,0.102366,13.3,12.0,24.4
52.218028,0.102442,13.4,12.1,22.5
52.218032,0.102461,13.3,12.0,22.3
52.218022,0.102573,12.4,11.5,21.8
52.217820,0.103271,12.2,11.3,21.6
52.217728,0.103454,12.2,11.3,21.9
52.217804,0.103672,12.7,11.4,21.4
52.218264,0.104428,12.6,11.3,20.7
52.218383,0.104613,12.6,11.3,23.3
52.218547,0.104851,13.0,11.6,26.8
52.218819,0.105218,13.1,11.7,32.7
52.218947,0.105413,13.2,11.8,31.9
52.219124,0.105653,12.5,11.5,31.7
52.219531,0.106207,12.5,11.5,27.0
52.219666,0.106406,12.6,11.6,25.6
52.219861,0.106668,12.5,11.5,24.5
52.220158,0.107051,12.4,11.5,28.5
52.220296,0.107232,12.4,11.5,28.6
52.220461,0.107434,13.1,11.8,34.4
52.220756,0.107852,13.1,11.8,40.2
52.220879,0.108018,12.9,11.7,38.4
52.221029,0.108187,13.3,11.9,30.4
52.221210,0.108473,13.4,12.0,28.1
52.221308,0.108620,13.4,12.0,30.1
52.221428,0.108814,13.7,12.5,34.3
52.221645,0.109125,13.5,12.4,20.1
52.221747,0.109313,13.5,12.4,15.3
52.221825,0.109526,13.5,12.5,11.6
52.221890,0.109964,13.6,12.6,1.5
52.221890,0.110139,13.5,12.5,-3.6
52.221898,0.110495,13.0,11.9,-5.4
52.221918,0.111041,13.0,11.9,-3.3
52.221911,0.111211,12.9,11.8,-2.9
52.221894,0.111405,12.9,11.8,-5.2
52.221921,0.111526,12.8,11.7,-1.2
52.221932,0.111563,12.8,11.7,2.2
52.221949,0.111617,12.1,11.2,5.6
52.221968,0.111681,12.1,11.2,8.5
52.221972,0.111696,11.9,11.0,10.3
52.221974,0.111708,12.1,11.1,10.0
52.221975,0.111716,12.1,11.2,9.1
52.221974,0.111720,12.2,11.2,8.9
52.221973,0.111725,12.8,11.5,8.0
52.221969,0.111728,12.7,11.4,7.2
52.221966,0.111730,12.8,11.5,6.4
52.221959,0.111776,13.1,11.3,6.5
52.221923,0.112267,13.2,11.1,5.5
52.221884,0.112552,13.2,11.1,5.9
52.221833,0.112902,12.1,11.0,1.4
52.221764,0.113609,12.3,11.1,3.4
52.221743,0.113899,12.2,11.1,4.4
52.221702,0.114187,12.8,11.6,5.7
52.221617,0.114862,12.4,11.4,9.4
52.221568,0.115232,12.3,11.3,9.9
52.221536,0.115519,12.5,11.4,6.5
52.221381,0.116514,12.3,11.3,-4.7
52.221306,0.116821,12.3,11.3,-11.6
52.221277,0.117087,12.3,11.3,-12.9
52.221071,0.117948,12.5,11.4,-26.7
52.221041,0.118117,12.6,11.5,-28.0
52.221052,0.118176,13.3,12.1,-20.6
52.221077,0.118476,13.5,12.3,4.1
52.221199,0.118632,13.4,12.2,13.3
52.221326,0.118715,13.0,11.8,20.6
52.221640,0.118888,12.9,11.7,35.7
52.221817,0.118959,12.8,11.6,39.8
52.221982,0.119073,12.7,11.4,35.5
52.222504,0.119421,12.7,11.4,34.1
52.222699,0.119562,12.8,11.5,35.2
52.222853,0.119670,12.8,11.5,38.4
52.223211,0.119912,12.7,11.4,41.2
52.223436,0.120070,12.6,11.4,36.1
52.223596,0.120190,13.2,11.9,36.2
52.224354,0.120938,13.3,12.0,38.1
52.224310,0.121300,13.2,11.9,31.5
52.224260,0.121573,13.3,11.9,28.6
52.224114,0.122259,13.2,11.9,25.5
52.224022,0.122619,13.5,12.1,24.8
52.223997,0.122877,12.4,11.4,23.3
52.223821,0.123683,12.4,11.4,21.0
52.223739,0.123958,12.7,11.5,20.3
52.223744,0.124124,13.3,10.9,20.9
52.224221,0.124443,13.3,11.0,23.6
52.224406,0.124549,13.4,11.0,28.7
52.224540,0.124640,11.9,10.7,34.0
52.224845,0.124808,11.9,10.7,46.3
52.225016,0.124922,11.9,10.7,47.0
52.225149,0.125006,12.2,11.3,43.4
52.225049,0.126328,12.2,11.3,21.9
52.225001,0.126674,12.3,11.4,18.8
52.224949,0.126863,12.7,11.7,15.1
52.224774,0.127421,12.7,11.7,9.6
52.224739,0.127508,12.7,11.7,10.1
52.224736,0.127522,12.8,11.6,12.9
52.224544,0.127723,12.6,11.4,21.3
52.224464,0.127916,12.6,11.4,19.1
52.224444,0.128037,12.8,11.5,22.8
52.224331,0.128155,12.9,11.6,30.6
52.224292,0.128253,12.9,11.6,34.6
52.224199,0.128349,12.8,11.7,26.7
52.223907,0.128697,12.9,11.8,28.1
52.223723,0.128882,12.9,11.8,31.3
52.223610,0.129024,13.5,12.5,33.4
52.223335,0.129382,13.4,12.5,35.1
52.223195,0.129562,13.5,12.5,37.1
52.223081,0.129698,13.8,12.7,38.3
52.218542,0.105056,3.0,2.5,44.2
52.218413,0.104873,3.4,2.6,42.5
52.218311,0.104739,3.4,2.4,42.9
52.218074,0.104400,3.3,2.4,42.8
52.217936,0.104201,3.4,2.3,39.6
52.217836,0.104061,2.2,2.0,37.5
52.217632,0.103855,2.1,1.9,30.5
52.217549,0.103878,2.2,1.9,29.5
52.217515,0.103748,3.6,1.9,29.2
52.217700,0.103327,3.7,2.0,25.8
52.217790,0.103134,3.7,2.0,27.2
52.217863,0.102973,2.4,2.2,26.3
52.218257,0.102156,2.4,2.2,22.9
52.218402,0.101915,2.4,2.2,19.9
52.218504,0.101739,2.9,2.4,23.3
52.218728,0.101290,2.9,2.4,23.9
52.218858,0.101039,2.9,2.4,25.7
52.218955,0.100845,3.6,2.5,25.6
52.219182,0.100382,3.8,2.5,21.3
52.219311,0.100140,4.2,2.5,19.7
52.219408,0.099934,6.7,2.3,20.3
52.219695,0.099364,6.7,2.3,21.7
52.219837,0.099087,6.6,2.3,21.5
52.219930,0.098897,6.6,2.1,23.8
52.220165,0.098443,6.3,2.1,21.1
52.220289,0.098200,6.2,2.1,17.9
52.220388,0.098005,4.2,2.3,20.2
52.220607,0.097547,4.2,2.3,19.6
52.220744,0.097299,4.0,2.3,21.8
52.220842,0.097107,3.3,2.5,20.9
52.221143,0.096510,3.3,2.5,23.3
52.221271,0.096262,3.1,2.4,22.9
52.221351,0.096088,2.8,2.3,25.4
52.221890,0.095110,2.8,2.3,26.7
52.222020,0.094853,2.8,2.3,26.5
52.222121,0.094663,3.7,2.2,24.3
52.222457,0.093878,3.8,2.2,23.0
52.222548,0.093681,3.8,2.2,24.2
52.222606,0.093536,4.8,2.2,24.5
52.222295,0.093313,4.9,2.2,26.1
52.222130,0.093181,4.9,2.2,25.9
52.222009,0.093058,2.7,2.0,25.4
52.221532,0.092466,2.7,2.0,27.7
52.221373,0.092294,2.7,2.0,27.3
52.221240,0.092200,2.1,1.9,26.5
52.220792,0.091606,2.0,1.8,26.5
52.220604,0.091526,2.0,1.8,26.6
52.220539,0.091332,2.0,1.8,26.5
52.220242,0.091059,2.0,1.8,26.4
52.220072,0.090865,2.0,1.8,26.6
52.219953,0.090707,2.2,1.8,26.9
52.219625,0.090275,2.2,1.8,26.1
52.219459,0.090048,2.4,1.8,24.9
52.219336,0.089881,2.0,1.7,24.7
52.219044,0.089505,2.0,1.7,24.2
52.218866,0.089304,2.0,1.7,24.1
52.218728,0.089160,2.2,1.7,23.3
52.218431,0.088974,2.4,1.8,23.9
52.218327,0.089116,2.4,1.8,22.7
52.218223,0.089137,2.7,1.9,21.7
52.217946,0.089200,2.6,1.9,21.2
52.217789,0.089268,2.6,1.9,21.4
52.217677,0.089339,2.1,1.6,21.6
52.217441,0.089377,1.7,1.6,21.9
52.217381,0.089341,1.7,1.6,22.4
52.217351,0.089417,1.7,1.5,21.6
52.217270,0.089166,1.6,1.5,21.7
52.217237,0.088851,1.6,1.5,21.7
52.217160,0.088601,2.0,1.8,21.0
52.216822,0.088169,2.0,1.7,18.2
52.216628,0.087951,2.0,1.7,18.2
52.216496,0.087809,2.0,1.9,19.4
52.216193,0.087554,2.0,1.9,20.8
52.216010,0.087359,2.0,1.9,20.1
52.215870,0.087214,1.8,1.7,19.9
52.215570,0.086829,1.7,1.6,19.6
52.215408,0.086625,1.7,1.6,19.3
52.215274,0.086503,1.5,1.4,19.2
52.214969,0.086232,1.4,1.4,19.4
52.214804,0.086040,1.4,1.4,19.3
52.214694,0.085869,2.1,1.9,19.2
52.214244,0.085383,2.1,1.9,18.9
52.214077,0.085223,2.1,1.9,19.7
52.213952,0.085103,2.3,2.1,20.0
52.213571,0.085356,2.3,2.1,19.2
52.213567,0.085465,2.3,2.1,19.3
52.213570,0.085466,3.6,2.5,20.4
52.213562,0.085477,3.7,2.5,19.9
52.213545,0.085603,3.7,2.5,19.6
52.213525,0.085797,3.2,2.4,19.2
52.213467,0.086811,3.2,2.4,22.5
52.213444,0.087191,3.2,2.4,22.0
52.213424,0.087480,3.6,2.4,22.1
52.213383,0.088174,4.0,2.5,22.2
52.213342,0.088577,4.0,2.5,22.6
52.213299,0.088884,3.7,2.3,22.9
52.213182,0.089620,3.7,2.3,22.4
52.213094,0.090028,3.7,2.3,21.5
52.213013,0.090315,3.3,2.2,20.8
52.212851,0.091034,3.3,2.2,19.3
52.212767,0.091419,3.4,2.2,19.3
52.212718,0.091654,3.1,2.2,19.9
52.212440,0.091670,3.1,2.2,18.9
52.212226,0.091588,3.4,2.3,18.4
52.212065,0.091517,7.1,2.1,17.8
52.211699,0.091376,7.1,2.1,19.2
52.211497,0.091288,7.1,2.1,20.1
52.211346,0.091222,6.4,1.7,20.1
52.210989,0.091067,6.4,1.7,20.2
52.210784,0.090979,6.3,1.7,22.8
52.210631,0.090898,2.1,1.9,22.4
52.210247,0.090748,2.1,1.9,23.2
52.210029,0.090646,2.1,1.9,24.9
52.209874,0.090580,2.1,2.0,23.5
52.209503,0.090542,2.0,1.9,24.4
52.209300,0.090441,2.0,1.9,20.5
52.209150,0.090372,2.3,2.1,20.6
52.208903,0.090264,2.4,2.2,26.9
52.208718,0.090188,2.0,1.9,28.6
52.208509,0.090142,2.3,2.1,25.9
52.208323,0.090406,2.2,2.0,24.0
52.208283,0.090731,2.6,2.0,20.4
52.208252,0.091000,2.6,1.9,20.4
52.208193,0.091627,2.5,1.8,19.6
52.208170,0.091964,2.6,1.9,17.8
52.208147,0.092216,3.9,1.9,17.4
52.208098,0.092848,4.2,1.9,15.9
52.208078,0.093205,4.2,1.9,14.7
52.208045,0.093485,4.0,1.8,13.8
52.207977,0.094159,3.8,1.8,12.2
52.207953,0.094531,4.1,1.9,14.3
52.207927,0.094801,3.0,1.8,14.6
52.207877,0.095427,3.0,1.8,18.6
52.207845,0.095798,3.0,1.8,18.6
52.207818,0.096092,2.5,1.9,19.8
52.207735,0.096775,2.6,2.0,17.9
52.207627,0.097105,2.6,1.9,16.9
52.207528,0.097367,2.6,1.9,14.1
52.207301,0.097965,2.6,1.9,12.7
52.207174,0.098289,2.7,1.9,12.1
52.207078,0.098523,2.9,1.8,11.9
52.206851,0.098946,2.7,1.7,11.6
52.206782,0.099240,2.8,1.7,11.3
52.206750,0.099509,2.0,1.7,11.1
52.206672,0.100152,2.0,1.7,10.2
52.206623,0.100562,2.0,1.7,11.7
52.206578,0.100867,2.6,1.8,12.0
52.206488,0.101564,2.6,1.8,12.4
52.206352,0.101834,2.6,1.8,11.4
52.206182,0.101800,3.4,2.0,11.6
52.205761,0.101631,3.4,2.0,9.0
52.205471,0.101525,3.4,2.0,9.0
52.205263,0.101447,3.7,2.1,8.3
52.204824,0.101323,3.7,2.1,9.7
52.204727,0.101632,3.9,2.2,9.9
52.204707,0.101889,6.2,2.4,11.9
52.204635,0.102458,8.3,2.5,17.0
52.204575,0.102790,8.4,2.6,20.5
52.204542,0.103030,7.8,2.6,21.5
52.204473,0.103648,8.2,2.7,26.9
52.204439,0.104025,8.2,2.7,28.4
52.204397,0.104282,7.0,2.4,27.9
52.204320,0.104913,6.7,2.3,21.4
52.204299,0.105237,5.9,2.2,18.3
52.204268,0.105478,4.3,2.2,15.4
52.204055,0.105681,4.1,2.2,12.1
52.203857,0.105665,4.1,2.2,9.3
52.203689,0.105658,3.4,2.3,9.2
52.203311,0.105628,3.4,2.4,6.3
52.203085,0.105600,3.4,2.3,6.2
52.202923,0.105592,2.6,2.1,6.3
52.202568,0.105540,2.5,2.1,5.7
52.202364,0.105502,2.3,2.0,8.4
52.202202,0.105476,2.2,1.9,9.5
52.201818,0.105411,2.1,1.8,11.8
52.201591,0.105399,2.0,1.8,11.9
52.201419,0.105367,2.4,1.9,12.0
52.201029,0.105310,2.6,1.9,10.1
52.200801,0.105279,2.6,1.9,9.8
52.200635,0.105243,3.0,2.0,10.4
52.200479,0.105578,3.3,2.1,9.1
52.200468,0.105955,3.3,2.1,12.5
52.200451,0.106248,2.5,1.9,13.8
52.200424,0.106923,2.4,1.8,10.7
52.200423,0.107335,2.4,1.9,11.8
52.200415,0.107641,2.3,1.8,12.3
52.200415,0.108309,2.2,1.8,14.9
52.200410,0.108691,1.8,1.7,16.1
52.200411,0.108943,2.3,1.8,20.0
52.200392,0.109574,2.5,1.8,25.0
52.200378,0.109903,2.5,1.9,35.1
52.200383,0.110174,2.6,2.0,40.1
52.200391,0.110810,2.6,2.0,45.6
52.200411,0.111241,2.7,2.1,40.8
52.200433,0.111549,2.5,1.9,35.5
52.200482,0.112270,2.5,1.9,20.2
52.200524,0.112539,2.1,1.9,17.6
52.200572,0.112769,3.2,2.1,14.6
52.200628,0.112850,3.3,2.1,14.1
52.200781,0.112897,3.2,2.0,14.2
52.200921,0.112838,4.1,2.3,18.2
52.201267,0.112720,4.9,2.4,24.1
52.201392,0.112685,5.1,2.4,25.3
52.201618,0.112606,4.8,2.6,25.0
52.202017,0.112430,4.7,2.6,23.2
52.202186,0.112343,4.7,2.6,22.2
52.202426,0.112270,5.3,2.8,23.7
52.202798,0.112177,5.4,2.8,23.9
52.202964,0.112056,5.8,2.8,17.1
52.203166,0.111999,4.4,2.6,15.5
52.203525,0.112049,4.2,2.5,16.2
52.203642,0.112065,4.2,2.5,18.4
52.203821,0.112071,2.2,1.9,19.1
52.204413,0.112095,2.2,1.9,19.6
52.204553,0.112102,2.2,1.9,23.3
52.204748,0.112081,3.0,2.0,23.3
52.205090,0.112012,2.9,2.0,22.4
52.205230,0.111997,2.9,2.0,21.5
52.205384,0.111910,11.6,2.4,19.6
52.205690,0.111949,11.7,2.4,18.5
52.205713,0.112155,11.6,2.4,19.1
52.205736,0.112460,10.4,2.2,18.2
52.205788,0.113044,10.2,2.1,15.8
52.205788,0.113327,10.1,2.1,13.7
52.205788,0.113671,2.7,1.8,11.9
52.205904,0.114043,2.7,1.8,11.6
52.205976,0.114272,2.7,1.8,9.3
52.206091,0.114645,3.1,1.9,8.5
52.206134,0.115717,3.1,1.9,-4.7
52.206128,0.115951,3.1,1.9,-1.4
52.206117,0.116230,2.1,1.9,-2.1
52.206380,0.116407,3.4,2.0,-2.8
52.206416,0.116519,3.5,2.1,0.0
52.206396,0.116815,3.9,2.2,-1.1
52.206466,0.117368,3.9,2.2,7.1
52.206441,0.117603,4.2,2.2,8.2
52.206425,0.117880,5.1,2.1,12.9
52.206277,0.118109,5.1,2.1,8.3
52.206161,0.118103,5.1,2.1,6.3
52.206005,0.118094,4.3,2.1,5.6
52.205659,0.117955,4.1,2.0,3.8
52.205581,0.118039,4.1,2.0,6.3
52.205562,0.118260,3.3,2.0,10.9
52.205595,0.118729,3.4,2.1,20.5
52.205627,0.118929,3.2,2.0,23.9
52.205696,0.119169,3.3,2.6,23.2
52.205951,0.119915,3.5,2.7,23.1
52.206050,0.120090,3.5,2.8,21.6
52.206115,0.120359,5.4,3.7,20.1
52.206440,0.120570,5.5,3.7,20.9
52.206592,0.120542,5.7,3.9,19.6
52.206751,0.120451,6.5,4.5,17.4
52.207137,0.120008,6.5,4.5,13.3
52.207253,0.119872,6.1,4.4,11.2
52.207414,0.119761,4.5,3.1,10.3
52.207802,0.119234,4.4,3.0,10.5
52.207921,0.119121,4.0,2.9,8.7
52.208120,0.118906,2.1,1.9,9.4
52.208546,0.118927,2.1,1.9,15.5
52.208662,0.119097,2.0,1.9,16.0
52.208803,0.119361,2.4,2.2,14.1
52.209020,0.119806,2.4,2.2,15.9
52.209153,0.119791,2.4,2.2,16.0
52.209356,0.119705,3.1,2.7,14.7
52.209724,0.119604,3.2,2.7,18.1
52.209838,0.119469,3.3,2.8,18.8
52.209969,0.119260,7.5,3.2,20.4
52.210262,0.119518,7.8,3.3,19.4
52.210392,0.119661,7.6,3.4,19.6
52.210563,0.119850,9.1,3.7,19.3
52.211101,0.120106,9.1,3.7,15.6
52.211270,0.120162,9.1,3.7,13.9
52.211492,0.120268,5.6,3.1,13.5
52.211867,0.120431,5.9,3.1,13.8
52.212020,0.120502,5.6,2.9,13.7
52.212220,0.120609,4.0,2.4,12.5
52.212475,0.120790,4.0,2.3,10.6
52.212516,0.120954,4.0,2.3,8.9
52.212454,0.121226,3.7,2.2,12.6
52.212328,0.121701,3.7,2.2,13.4
52.212260,0.121977,3.9,2.2,15.7
52.212152,0.122352,3.0,2.0,16.9
52.211987,0.122970,3.0,2.0,13.5
52.211909,0.123213,3.2,2.0,9.3
52.211811,0.123532,2.9,2.0,10.6
52.211637,0.124150,2.4,2.0,12.5
52.211634,0.124523,2.5,2.0,12.8
52.211725,0.124961,3.8,2.1,12.2
52.211953,0.125922,4.0,2.2,8.0
52.212017,0.126127,4.1,2.2,7.9
52.212062,0.126268,4.2,2.3,8.0
52.212139,0.126707,4.1,2.4,7.8
52.212162,0.126967,4.1,2.4,7.2
52.212205,0.127319,2.7,2.4,7.0
52.211990,0.128204,2.7,2.4,7.4
52.211879,0.128431,2.7,2.4,6.8
52.211759,0.128646,2.3,2.1,5.9
52.211534,0.129110,2.3,2.1,3.6
52.211456,0.129317,2.1,2.0,4.6
52.211307,0.129614,1.9,1.8,5.0
52.210943,0.130363,1.9,1.8,2.4
52.210789,0.130677,1.9,1.8,2.1
52.210696,0.130948,3.1,2.0,2.9
52.210530,0.131547,3.1,2.0,4.0
52.210484,0.131802,3.2,2.0,4.3
52.210439,0.132083,3.4,2.2,4.6
52.210360,0.132524,3.6,2.1,5.5
52.210338,0.132889,3.7,2.2,6.5
52.210319,0.133172,5.6,2.5,6.2
52.210298,0.133784,5.7,2.6,7.5
52.210298,0.134019,5.7,2.5,8.0
52.210300,0.134280,6.3,2.5,8.2
52.210190,0.134397,6.6,2.5,7.8
52.210123,0.134448,6.5,2.5,7.1
52.210186,0.134460,5.6,2.3,7.3
52.210353,0.134417,5.7,2.3,10.3
52.210429,0.134400,5.3,2.3,13.7
52.210547,0.134375,9.4,2.4,17.5
52.210758,0.134321,7.8,2.4,20.2
52.210950,0.134208,7.4,2.4,12.8
52.211084,0.134119,6.8,2.3,14.8
52.211400,0.133931,6.7,2.3,14.7
52.211540,0.133876,6.6,2.3,14.1
52.211706,0.133737,5.5,3.5,14.9
52.211697,0.133339,4.8,3.5,15.9
52.211625,0.133072,5.2,3.7,15.2
52.211630,0.132891,6.3,4.3,15.8
52.211873,0.132860,7.9,5.3,24.0
52.212007,0.132887,9.6,6.2,23.3
52.212197,0.132924,12.4,8.1,24.7
52.212546,0.132988,12.1,7.8,21.0
52.212696,0.133028,11.9,7.6,16.8
52.212818,0.133048,11.9,7.3,16.4
52.213167,0.133127,12.0,7.4,17.5
52.213322,0.133141,11.6,7.3,15.5
52.213496,0.133071,4.4,3.6,16.3
52.213550,0.132640,4.4,3.5,11.6
52.213581,0.132332,4.3,3.4,7.1
52.213597,0.132108,3.7,2.5,6.6
52.213810,0.131675,3.6,2.4,9.9
52.213972,0.131716,3.3,2.2,17.0
52.214104,0.131737,4.3,2.0,22.0
52.214440,0.131805,4.3,2.0,19.9
52.214634,0.131844,4.4,2.1,22.2
52.214793,0.131849,4.4,2.4,21.3
52.215152,0.131797,4.4,2.4,17.2
52.215336,0.131735,4.6,2.4,14.0
52.215455,0.131666,4.8,2.6,12.1
52.215504,0.131343,4.3,2.6,14.6
52.215471,0.131052,4.2,2.5,12.4
52.215444,0.130844,5.6,2.7,12.1
52.215454,0.130589,5.6,2.6,13.1
52.215599,0.130550,5.6,2.6,16.5
52.215726,0.130496,5.8,2.6,15.5
52.216035,0.130358,5.8,2.5,15.9
52.216222,0.130326,5.3,2.5,17.7
52.216361,0.130344,2.9,2.1,20.2
52.216695,0.130340,3.3,2.1,19.7
52.216883,0.130298,3.5,2.0,19.5
52.217018,0.130198,4.8,1.9,16.8
52.217274,0.129852,4.7,1.9,15.5
52.217407,0.129671,4.7,1.9,15.7
52.217495,0.129534,5.8,2.2,14.6
52.217675,0.129272,5.9,2.2,14.6
52.217776,0.129304,5.9,2.2,16.5
52.217816,0.129352,2.8,2.3,16.6
52.217814,0.129253,2.9,2.3,14.8
52.217786,0.129116,3.2,2.3,15.1
52.217863,0.129022,3.8,2.2,15.3
52.218102,0.128715,3.1,2.1,15.5
52.218240,0.128535,3.3,2.1,14.9
52.218340,0.128408,4.2,1.9,15.4
52.218722,0.127875,3.4,1.8,17.1
52.218813,0.127665,3.4,1.9,16.7
52.218759,0.127487,2.3,1.6,15.7
52.218563,0.127087,2.3,1.6,14.1
52.218443,0.126852,2.3,1.6,13.7
52.218350,0.126665,2.7,2.0,13.2
52.217973,0.125926,2.8,2.1,13.3
52.217860,0.125698,2.8,2.1,13.2
52.217781,0.125542,3.6,2.3,13.1
52.217613,0.125234,3.7,2.3,13.9
52.217530,0.125104,3.7,2.3,13.2
52.217525,0.125096,5.0,2.2,13.4
52.217562,0.124933,5.9,2.5,13.3
52.217656,0.124718,6.0,2.5,11.1
52.217753,0.124559,6.4,2.5,11.0
52.217975,0.124166,5.6,2.5,9.8
52.218104,0.123936,5.5,2.5,11.1
52.218205,0.123772,5.0,2.6,11.1
52.218501,0.123254,4.1,2.2,15.9
52.218637,0.123011,4.4,2.2,17.4
52.218744,0.122834,4.0,2.3,18.1
52.218986,0.122418,3.9,2.3,17.2
52.219123,0.122193,3.9,2.3,20.5
52.219231,0.122011,3.7,2.3,19.6
52.219566,0.121442,3.5,2.3,22.1
52.219695,0.121204,3.4,2.3,21.1
52.219796,0.121029,2.7,2.3,21.9
52.220026,0.120631,2.7,2.3,23.4
52.220155,0.120399,2.8,2.3,21.7
52.220254,0.120223,2.6,2.2,20.6
52.220504,0.119766,2.8,2.3,21.3
52.220621,0.119535,2.6,2.3,22.5
52.220703,0.119354,4.1,2.8,24.6
52.220934,0.118724,4.1,2.8,24.7
52.221024,0.118417,4.0,2.8,23.3
52.221081,0.118184,5.1,2.4,22.4
52.221262,0.117240,5.1,2.4,22.5
52.221308,0.116914,5.1,2.3,22.6
52.221340,0.116670,4.3,1.9,22.6
52.221413,0.116109,4.7,1.9,23.4
52.221457,0.115786,4.6,1.9,21.6
52.221488,0.115540,2.6,1.8,20.8
52.221565,0.114971,2.6,1.8,22.4
52.221609,0.114637,2.6,1.8,22.1
52.221640,0.114386,2.9,1.8,24.2
52.221719,0.113794,3.3,1.9,22.2
52.221758,0.113467,3.2,1.8,21.4
52.221792,0.113214,2.4,1.7,20.8
52.221862,0.112679,2.4,1.7,21.0
52.221891,0.112458,3.1,1.7,20.6
52.221892,0.112411,3.2,2.1,19.6
52.221898,0.112417,3.3,2.2,21.5
52.221898,0.112418,3.7,2.3,21.4
52.221898,0.112418,3.8,2.8,21.4
52.221898,0.112421,3.7,2.8,21.0
52.221896,0.112420,3.9,2.8,20.6
52.221901,0.112354,5.6,2.7,20.8
52.221685,0.112200,5.3,2.6,19.6
52.221513,0.112158,5.4,2.6,19.8
52.221379,0.112129,4.5,2.0,18.8
52.221057,0.112067,4.9,2.0,18.4
52.217766,0.145859,6.8,3.2,20.7
52.217843,0.145976,6.8,3.1,20.1
52.217996,0.146341,6.5,3.0,19.8
52.218091,0.146560,6.6,3.1,20.2
52.218164,0.146726,6.4,3.1,20.3
52.218416,0.147281,6.5,3.1,19.6
52.218477,0.147431,6.6,3.1,19.6
52.218465,0.147557,6.6,3.2,19.9
52.218494,0.147932,6.5,3.2,21.3
52.218489,0.148143,6.5,3.2,23.8
52.218492,0.148314,5.8,3.0,25.1
52.218575,0.149024,6.1,3.1,30.5
52.218614,0.149267,6.0,3.0,33.6
52.218641,0.149473,8.1,3.5,34.4
52.218711,0.149953,8.1,3.5,34.3
52.218756,0.150218,8.1,3.5,35.0
52.218772,0.150409,8.4,3.6,36.5
52.218773,0.150843,7.3,3.5,42.0
52.218770,0.151103,7.0,3.5,42.8
52.218782,0.151302,12.1,3.6,43.6
52.218987,0.152169,13.1,3.6,31.7
52.219074,0.152418,13.1,3.7,29.6
52.219127,0.152605,18.1,4.6,28.0
52.219325,0.153241,18.1,4.7,29.1
52.219392,0.153419,17.0,4.6,29.7
52.219462,0.153563,13.3,5.5,29.4
52.219574,0.153871,13.4,5.5,30.3
52.219659,0.154056,11.4,5.3,30.5
52.219708,0.154195,9.8,4.4,30.4
52.219875,0.154648,11.3,4.4,28.9
52.219938,0.154900,11.3,4.4,28.9
52.219988,0.155099,15.1,3.5,29.6
52.220089,0.155585,15.3,3.4,27.5
52.220134,0.155870,14.5,3.4,26.2
52.220171,0.156098,16.9,3.4,25.7
52.220171,0.156513,16.4,3.4,25.8
52.220182,0.156741,16.1,3.3,31.5
52.220199,0.156924,9.3,2.9,33.7
52.220239,0.157393,9.4,2.9,37.7
52.220311,0.157769,9.4,2.9,31.3
52.220373,0.158052,8.3,4.1,25.5
52.220515,0.158659,7.2,4.0,18.7
52.220600,0.158972,7.2,4.0,17.2
52.220641,0.159200,13.9,5.4,15.8
52.220722,0.159681,14.4,6.2,16.4
52.220697,0.159881,14.4,6.2,19.2
52.220681,0.160019,13.2,5.8,20.2
52.220772,0.160515,12.9,5.8,21.0
52.220827,0.160774,12.9,5.8,22.0
52.220838,0.160929,14.4,8.5,22.4
52.220813,0.161162,14.2,8.3,24.6
52.220751,0.161247,14.1,7.9,27.6
52.220745,0.161361,15.6,6.4,29.2
52.220707,0.161646,15.5,6.4,26.8
52.220963,0.162200,15.3,6.5,23.2
52.221271,0.162801,11.8,9.2,23.3
52.221532,0.163431,11.1,9.2,23.2
52.221647,0.163748,11.1,9.1,22.4
52.221682,0.163930,15.3,14.1,22.4
52.221716,0.164243,16.5,15.2,23.4
52.221727,0.164509,16.5,15.2,24.3
52.221779,0.164615,13.8,12.7,24.1
52.221973,0.165413,12.9,11.8,22.3
52.222090,0.165699,12.1,11.1,22.5
52.222185,0.165911,13.4,7.6,22.1
52.222406,0.166326,13.2,7.0,21.3
52.222585,0.166513,13.2,6.5,20.1
52.222691,0.166610,11.3,4.4,19.3
52.222995,0.166868,11.3,4.4,15.9
52.223146,0.166969,11.1,4.4,13.3
52.223238,0.167010,10.3,4.2,11.6
52.223601,0.167008,5.8,4.2,10.0
52.223805,0.166963,5.6,4.2,10.6
52.223956,0.166926,5.6,3.0,10.7
52.224201,0.166921,5.9,3.0,9.3
52.224365,0.166884,5.8,2.9,9.4
52.224500,0.166849,5.9,2.7,9.4
52.224845,0.166733,5.7,2.6,9.4
52.225017,0.166664,5.7,2.7,10.0
52.225106,0.166624,5.5,2.5,9.9
52.225376,0.166461,5.8,2.6,8.7
52.225501,0.166402,5.4,2.5,8.3
52.225668,0.166369,4.5,2.5,7.8
52.226087,0.166367,4.6,2.5,6.2
52.226284,0.166408,4.6,2.5,7.0
52.226470,0.166489,6.4,2.7,7.7
52.226754,0.166833,6.4,2.7,8.1
52.226848,0.166968,6.3,2.6,8.6
52.226900,0.167177,6.1,2.5,9.4
52.227056,0.167594,5.9,2.3,11.2
52.227098,0.167751,5.8,2.3,12.4
52.227171,0.168015,5.1,2.3,12.8
52.227347,0.168458,5.1,2.3,10.9
52.227406,0.168626,5.1,2.3,10.4
52.227459,0.168740,6.6,2.6,10.4
52.227565,0.168967,6.6,2.5,11.3
52.227782,0.169156,6.6,2.5,9.9
52.228045,0.169391,5.7,2.2,8.2
52.228361,0.169643,5.5,2.1,6.4
52.228501,0.169746,6.0,2.1,4.7
52.228678,0.169837,4.7,2.0,4.1
52.229036,0.169955,4.5,2.0,2.8
52.229203,0.169998,4.5,2.0,1.4
52.229417,0.170050,4.4,2.2,0.7
52.229782,0.170133,4.5,2.3,-0.9
52.229920,0.170184,4.5,2.3,-1.9
52.230054,0.170278,4.9,2.2,-2.8
52.230377,0.170414,5.2,2.2,-3.4
52.230490,0.170475,5.1,2.2,-4.7
52.230715,0.170512,4.7,2.2,-5.1
52.231118,0.170613,4.5,2.2,-3.7
52.231274,0.170670,4.6,2.2,-2.2
52.231499,0.170727,4.0,2.6,-0.4
52.232131,0.170853,4.0,2.6,2.3
52.232262,0.170903,4.3,2.7,2.9
52.232415,0.170925,5.9,3.1,2.6
52.232882,0.171131,6.4,3.2,2.1
52.233046,0.171139,6.4,3.2,1.4
52.233244,0.171168,7.5,3.2,1.6
52.233568,0.171178,7.5,3.2,1.8
52.233675,0.171182,7.3,3.2,1.0
52.233796,0.171219,10.7,3.4,0.2
52.234268,0.171461,10.2,3.4,-0.7
52.234383,0.171554,10.2,3.4,-0.6
52.234614,0.171638,21.3,4.3,-0.5
52.235112,0.172193,21.4,4.3,1.3
52.235268,0.172333,21.3,4.3,3.5
52.235429,0.172514,12.9,5.6,5.3
52.235881,0.173086,12.9,5.6,13.2
52.235976,0.173225,12.8,5.4,15.9
52.236105,0.173415,13.6,12.5,18.0
52.236475,0.173985,13.8,12.6,20.9
52.236548,0.174198,13.7,12.6,19.7
52.236629,0.174448,11.7,10.7,19.9
52.236820,0.174874,11.2,10.2,18.9
52.236903,0.175025,11.0,9.9,17.5
52.236950,0.175251,8.4,4.3,17.8
52.237043,0.175679,8.4,4.3,19.0
52.237081,0.175897,8.2,4.2,19.7
52.237142,0.176177,9.0,5.1,19.3
52.237161,0.176501,8.8,5.1,22.9
52.237163,0.176657,8.7,5.1,28.9
52.237182,0.176843,7.1,5.0,35.3
52.237271,0.177175,7.2,5.0,44.9
52.237297,0.177381,6.7,4.9,49.7
52.237379,0.177663,14.5,13.4,53.3
52.237730,0.178266,14.4,13.4,58.2
52.237895,0.178437,14.5,13.5,53.4
52.238143,0.178677,13.7,12.8,42.6
52.238472,0.178898,13.6,12.7,33.0
52.238625,0.178998,13.7,12.8,23.8
52.238776,0.179098,4.6,3.4,18.7
52.239101,0.179257,4.6,3.4,13.8
52.239242,0.179337,5.1,4.1,12.5
52.239410,0.179397,6.8,4.9,10.4
52.239677,0.179639,6.8,4.8,8.1
52.239803,0.179736,7.8,4.8,7.9
52.239983,0.179874,8.9,8.1,8.1
52.240276,0.180177,9.3,8.4,8.6
52.240389,0.180315,10.0,9.1,8.3
52.240503,0.180424,17.3,16.1,8.4
52.240749,0.180686,17.3,16.1,9.5
52.240859,0.180759,17.3,16.1,12.6
52.240987,0.180911,22.9,21.5,13.7
52.241172,0.181313,22.9,21.5,17.2
52.241258,0.181474,22.3,21.0,18.4
52.241343,0.181608,18.9,17.7,19.2
52.241556,0.181963,16.6,15.5,18.5
52.241654,0.182124,15.6,14.6,18.1
52.241772,0.182258,8.8,8.1,18.2
52.241985,0.182589,8.9,8.1,18.4
52.242101,0.182740,8.6,7.8,17.0
52.242220,0.182883,12.1,11.1,16.3
52.242583,0.183273,12.1,11.1,16.7
52.242738,0.183447,13.1,12.1,17.5
52.242859,0.183549,17.7,16.4,17.1
52.243161,0.183768,18.3,16.9,16.2
52.243377,0.183875,18.2,16.9,14.4
52.243530,0.183962,13.0,11.9,13.2
52.243851,0.184105,13.2,12.1,6.1
52.244041,0.184164,13.2,12.1,4.2
52.244182,0.184218,6.2,5.5,3.0
52.244669,0.184363,6.1,5.5,-0.7
52.244855,0.184419,6.4,5.7,-1.6
52.244984,0.184452,4.5,3.9,-2.3
52.245312,0.184597,4.5,3.9,1.8
52.245527,0.184666,4.5,3.9,5.0
52.245588,0.184739,4.1,3.6,-3.2
52.246023,0.184850,4.1,3.6,2.9
52.246234,0.184899,4.1,3.4,6.1
52.246373,0.184901,3.7,2.8,5.0
52.246715,0.184899,3.7,2.8,5.4
52.246906,0.184890,3.8,2.8,5.0
52.247039,0.184886,5.4,2.9,5.5
52.247448,0.184819,5.3,2.9,5.8
52.247580,0.184834,5.2,2.9,5.3
52.247694,0.184844,6.8,3.9,5.0
52.248305,0.184771,6.8,4.0,8.6
52.248509,0.184797,6.3,4.0,8.8
52.248645,0.184831,5.7,4.9,8.6
52.248877,0.184941,5.7,5.0,7.7
52.249050,0.185021,5.8,5.2,6.9
52.249196,0.185093,5.9,5.3,5.7
52.249697,0.185288,5.9,5.3,5.0
52.249881,0.185397,5.8,5.2,5.8
52.250019,0.185489,7.4,6.6,6.1
52.250301,0.185728,7.3,6.3,6.9
52.250453,0.185900,7.3,6.3,7.2
52.250541,0.185997,13.2,12.2,8.2
52.250775,0.186291,14.5,13.4,8.8
52.250883,0.186463,14.7,13.6,10.6
52.250987,0.186599,15.8,14.8,10.7
52.251247,0.186984,16.9,15.8,13.4
52.251384,0.187171,17.5,16.4,15.2
52.251478,0.187305,15.3,14.2,16.1
52.251724,0.187599,14.5,13.4,17.0
52.251855,0.187778,14.5,13.4,15.9
52.251944,0.187888,18.2,8.9,14.8
52.252041,0.187996,19.5,8.8,8.8
52.252046,0.188023,21.3,7.1,8.3
52.252070,0.188020,23.3,4.5,8.0
52.252094,0.188049,23.4,4.5,6.9
52.252099,0.188053,20.8,4.3,5.7
52.252101,0.188053,14.4,3.6,5.9
52.252091,0.188078,13.8,3.6,7.5
52.252085,0.188066,12.0,3.5,8.3
52.252083,0.188060,4.8,3.1,9.9
52.252085,0.188064,4.9,3.1,10.7
52.252077,0.188057,4.9,3.1,10.0
52.252085,0.188061,6.7,3.3,9.4
52.252124,0.188046,6.5,3.3,4.3
52.252131,0.188049,6.0,3.2,3.5
52.252130,0.188043,7.2,3.5,3.8
52.252140,0.188070,7.0,3.4,4.9
52.252149,0.188074,6.8,3.4,4.7
52.252151,0.188082,6.3,3.2,5.7
52.252144,0.188087,6.7,3.2,7.5
52.252136,0.188073,6.7,3.2,8.3
52.252139,0.188067,6.5,3.1,8.9
52.252151,0.188046,6.3,3.0,7.7
52.252158,0.188039,6.2,3.0,5.7
52.252166,0.188038,6.1,2.9,5.5
52.252150,0.188063,6.4,2.9,6.4
52.252148,0.188072,6.3,2.9,6.4
52.252150,0.188095,5.2,2.6,8.4
52.252152,0.188113,5.5,2.7,9.9
52.252147,0.188120,5.6,2.7,10.0
52.252147,0.188122,4.6,2.8,10.0
52.252141,0.188099,4.6,2.8,8.8
52.252135,0.188126,4.6,2.8,7.9
52.252116,0.188147,4.4,2.9,6.7
52.252119,0.188152,4.5,2.9,7.1
52.252126,0.188109,4.5,2.9,5.6 52.252146,0.188116,6.7,3.1,3.9 52.252169,0.188100,6.7,3.1,1.2
52.252167,0.188107,6.6,3.0,0.8
52.252168,0.188068,7.5,3.0,-0.8
52.252186,0.188075,7.5,3.0,-1.9
52.252207,0.188106,7.5,3.0,-2.8
52.252197,0.188077,7.6,2.8,-3.1
52.252190,0.188082,7.5,2.8,-4.1
52.252192,0.188093,7.4,2.8,-3.9
52.252192,0.188071,7.2,2.9,-4.0
52.252228,0.188032,7.3,3.0,-3.0
52.252269,0.188030,7.2,2.9,-2.5
52.252227,0.187955,6.1,3.0,1.6
52.252227,0.187917,5.5,3.0,1.6
52.252210,0.187916,5.7,3.1,1.4
52.252215,0.187890,5.2,3.3,1.0
52.252220,0.187936,5.2,3.2,1.4
52.252239,0.187923,5.1,3.2,1.4
52.252249,0.187911,7.9,3.4,0.2
52.252254,0.187964,8.0,3.4,1.1
52.252235,0.187986,8.0,3.4,2.1
52.252229,0.188000,8.0,3.4,3.1
52.252222,0.188013,8.2,3.4,3.6
52.252246,0.188011,8.3,3.3,3.9
52.252242,0.188004,7.8,3.4,3.3
52.252220,0.188032,7.9,3.4,4.3
52.252207,0.188061,7.9,3.3,5.5
52.252189,0.188073,7.1,3.2,6.7
52.252153,0.188080,7.4,3.3,8.7
52.252124,0.188086,7.5,3.2,10.1
52.252116,0.188093,5.1,2.9,11.3
52.252113,0.188118,5.1,2.9,10.8
52.252124,0.188119,5.3,3.0,9.9
52.252133,0.188139,4.5,2.9,8.0
52.252153,0.188145,4.5,3.0,5.7
52.252155,0.188149,4.3,2.9,4.6
52.252144,0.188136,5.4,3.0,4.4
52.252192,0.188196,5.9,3.0,6.8
52.252229,0.188245,6.5,3.0,8.0
52.252268,0.188282,6.5,2.9,8.3
52.252341,0.188395,6.4,2.8,8.7
52.252423,0.188472,6.3,2.8,10.5
52.252494,0.188540,8.0,2.8,11.6
52.252583,0.188700,7.9,2.8,13.4
52.252608,0.188770,7.4,2.8,14.4
52.252614,0.188845,8.0,3.0,14.9
52.252719,0.189028,7.9,3.0,17.2
52.252796,0.189135,7.9,3.1,17.4
52.252901,0.189242,6.5,3.7,16.3
52.253081,0.189476,6.5,3.7,13.9
52.253214,0.189659,6.4,3.7,14.6
52.253309,0.189800,6.3,3.9,15.1
52.253488,0.190011,5.4,3.8,14.0
52.253576,0.190187,4.9,4.0,14.6
52.253678,0.190328,6.5,5.9,16.9
52.253834,0.190605,6.6,6.0,16.3
52.253908,0.190736,7.0,6.4,17.8
52.253995,0.190901,9.5,8.8,19.7
52.254242,0.191136,9.6,8.8,23.7
52.254328,0.191281,9.2,8.5,24.7
52.254401,0.191422,5.7,5.2,26.4
52.254514,0.191882,5.7,5.2,33.1
52.254540,0.192026,5.5,5.0,34.6
52.254548,0.192203,3.9,2.8,37.1
52.254638,0.192620,4.3,2.9,41.0
52.254703,0.192830,4.2,2.9,43.5
52.254770,0.193089,4.2,2.8,46.2
52.254956,0.193632,4.2,2.7,41.9
52.255083,0.193916,4.2,2.8,35.2
52.255243,0.194263,4.5,2.8,27.2
52.255596,0.195152,4.6,2.8,15.7
52.255635,0.195316,4.5,2.8,15.8
52.255706,0.195571,4.2,2.8,14.8
52.256021,0.196263,4.4,2.8,16.1
52.256078,0.196387,4.3,2.8,17.5
52.256180,0.196543,4.8,2.7,17.7
52.256368,0.196839,4.8,2.7,19.4
52.256459,0.196971,4.9,2.8,19.1
52.256596,0.197137,5.1,2.8,20.4
52.256781,0.197405,5.1,2.8,18.6
52.256867,0.197520,5.1,2.8,18.0
52.257001,0.197739,6.5,2.7,17.9
52.257219,0.198069,6.9,2.7,19.5
52.257307,0.198185,7.0,2.8,19.3
52.257420,0.198344,7.7,3.1,18.1
52.257562,0.198500,7.8,3.1,18.0
52.257603,0.198550,7.3,3.1,18.1
52.257632,0.198590,6.3,3.2,19.5
52.257617,0.198663,6.3,3.2,21.0
52.257605,0.198696,5.5,3.2,21.1
52.257602,0.198765,5.9,2.9,20.4
52.257519,0.198958,6.0,2.9,21.1
52.257485,0.198992,6.0,2.9,21.9
52.257466,0.199031,5.6,2.8,22.1
52.257493,0.199073,5.3,2.8,22.5
52.257527,0.199111,5.3,2.8,20.8
52.257629,0.199259,4.7,3.0,19.7
52.257759,0.199584,4.8,3.0,20.1
52.257808,0.199722,4.7,3.0,22.6
52.257897,0.199809,4.6,3.0,23.2
52.258007,0.199945,4.4,3.0,22.0
52.258056,0.200016,4.3,2.9,19.4
52.258126,0.200079,7.8,3.1,18.7
52.258518,0.200279,7.7,3.1,21.9
52.258627,0.200335,7.7,3.1,22.4
52.258761,0.200399,9.0,3.2,22.4
52.259014,0.200484,9.1,3.2,21.0
52.259128,0.200528,9.1,3.2,18.7
52.259278,0.200586,9.2,3.1,15.5
52.259565,0.200672,9.1,3.1,15.6
52.259687,0.200722,9.0,3.1,15.5
52.259847,0.200773,7.8,3.1,15.3
52.260088,0.200862,7.9,3.2,15.8
52.260217,0.200919,7.9,3.2,15.2
52.260357,0.200995,16.4,3.9,14.0
52.260720,0.201290,16.6,3.9,9.5
52.260799,0.201389,18.9,4.0,9.0
52.260914,0.201526,31.8,4.5,9.2
52.261203,0.201971,31.2,4.5,10.7
52.261281,0.202069,29.5,4.4,15.0
52.261338,0.202160,18.3,3.6,25.7
52.261454,0.202424,18.4,3.6,31.8
52.261532,0.202570,17.4,3.5,31.8
52.261619,0.202802,10.4,3.5,29.5
52.261755,0.203191,9.7,3.5,24.4
52.261798,0.203358,9.3,3.4,18.8
52.261843,0.203507,8.6,3.5,15.6
52.261962,0.203962,8.8,3.5,12.4
52.262003,0.204131,7.7,3.4,12.6
52.262055,0.204318,5.8,3.1,11.3
52.262117,0.204680,5.8,3.2,9.9
52.262127,0.204845,5.8,3.2,8.9
52.262124,0.204982,6.5,3.0,8.8
52.262120,0.205365,6.5,3.0,7.7
52.262143,0.205541,6.4,3.0,7.4
52.262190,0.205778,14.2,3.4,7.2
52.262351,0.206091,14.2,3.4,7.1
52.262417,0.206181,14.1,3.4,5.8
52.262497,0.206345,27.7,4.3,6.2
52.262672,0.206614,27.5,4.3,6.9
52.262761,0.206736,28.0,4.3,7.5
52.262845,0.206849,32.6,4.5,7.1
52.263060,0.207102,32.1,4.5,5.8
52.263181,0.207232,27.4,4.3,6.2
52.263270,0.207324,11.7,3.3,6.6
52.263666,0.207641,11.1,3.3,7.5
52.263821,0.207726,10.5,3.3,7.8
52.263947,0.207775,7.2,3.1,6.7
52.264239,0.207893,7.3,3.1,5.4
52.264406,0.207973,7.1,3.1,5.0
52.264528,0.208021,6.6,2.9,4.5
52.264784,0.208103,6.6,3.0,5.7
52.264921,0.208145,6.6,3.0,6.3
52.265018,0.208169,21.1,3.7,6.6
52.265106,0.208174,33.0,4.0,5.7
52.265117,0.208176,37.3,4.5,5.7
52.265141,0.208177,130.7,25.6,3.8
52.265139,0.208192,130.5,25.7,6.2
52.265146,0.208205,131.2,25.7,6.1
52.265155,0.208201,163.7,26.8,6.0
52.265153,0.208189,163.1,26.8,5.4
52.265147,0.208176,154.4,26.5,3.6
52.265151,0.208176,76.0,11.9,3.6
52.265167,0.208193,70.5,11.6,2.9
52.265203,0.208198,70.0,11.6,2.2
52.265261,0.208222,43.5,10.6,2.4
52.265470,0.208290,36.3,10.4,0.8
52.265599,0.208316,34.8,10.3,-0.2
52.265719,0.208322,14.6,3.6,-0.2
52.265975,0.208374,12.0,3.5,-0.5
52.266108,0.208387,9.9,3.4,0.1
52.266231,0.208414,8.6,3.3,0.8
52.266544,0.208422,8.2,3.3,2.2
52.266660,0.208408,8.0,3.3,3.0
52.266756,0.208400,7.1,2.9,3.0
52.267078,0.208416,7.0,2.9,4.2
52.267220,0.208424,6.8,2.8,6.1
52.267341,0.208454,36.2,4.2,5.4
52.267598,0.208490,36.0,4.1,3.2
52.267738,0.208513,35.9,4.1,4.1
52.267831,0.208532,39.0,4.4,4.7
52.268046,0.208676,38.7,4.3,4.4
52.268167,0.208834,38.9,4.3,4.6
52.268247,0.208968,10.2,3.1,4.9
52.268490,0.209415,10.3,3.2,4.2
52.268589,0.209503,10.5,3.1,4.2
52.268636,0.209620,11.7,3.3,4.1
52.268864,0.210296,12.6,3.3,8.1
52.268956,0.210468,12.6,3.3,9.1
52.269021,0.210608,10.7,3.2,10.3
52.269271,0.211197,11.3,3.2,8.3
52.269353,0.211372,10.6,3.1,8.5
52.269413,0.211493,30.6,3.9,8.0
52.269568,0.211815,30.5,3.9,4.1
52.269548,0.211831,30.4,3.9,4.0
52.269530,0.211857,36.4,4.3,3.5
52.269545,0.211844,38.6,4.4,7.1
52.269546,0.211861,40.5,4.5,7.6
52.269546,0.211876,18.9,3.5,7.2
52.269516,0.211855,19.0,3.5,6.8
52.269513,0.211849,19.0,3.5,5.6
52.269523,0.211846,20.6,3.4,3.6
52.269451,0.211908,19.4,3.4,1.5
52.269418,0.211997,19.1,3.3,2.7
52.269394,0.212054,10.7,3.2,2.8
52.269323,0.212154,10.4,3.2,3.3
52.269261,0.212199,10.5,3.2,5.0
52.269214,0.212227,8.0,3.2,5.8
52.269125,0.212312,8.1,3.2,7.4
52.269076,0.212363,7.8,3.3,7.9
52.269029,0.212394,5.5,3.2,8.7
52.268949,0.212510,5.5,3.2,10.0
52.268916,0.212584,5.5,3.2,9.7
52.268897,0.212634,5.2,3.2,9.0
52.268842,0.212752,5.2,3.2,9.2
52.268811,0.212833,5.1,3.1,8.9
52.268782,0.212880,3.8,2.9,8.7
52.268726,0.212980,3.8,2.9,7.9
52.268692,0.213026,3.9,2.9,7.0
52.268666,0.213085,4.5,3.2,6.8
52.268612,0.213206,4.5,3.3,6.5
52.268578,0.213270,4.5,3.2,6.2
52.268553,0.213314,6.0,3.3,6.2
52.268479,0.213391,5.5,3.2,6.2
52.268437,0.213437,5.6,3.3,6.0
52.268397,0.213462,5.3,3.3,5.6
52.268320,0.213539,5.6,3.4,5.3
52.268282,0.213586,5.5,3.4,5.5
52.268257,0.213629,5.8,3.4,5.0
52.268192,0.213750,5.4,3.3,5.9
52.268156,0.213829,5.1,3.3,5.9
52.268122,0.213866,5.1,3.2,4.9
52.268013,0.213914,5.0,3.1,7.2
52.267988,0.213989,5.0,3.1,6.1
52.267957,0.214030,4.1,2.9,5.9
52.267900,0.214147,4.0,2.8,5.8
52.267864,0.214203,3.9,2.8,7.0
52.267836,0.214255,3.7,2.7,7.4
52.267766,0.214355,5.1,2.8,7.0
52.267726,0.214430,5.4,2.8,7.7
52.267704,0.214481,5.3,2.9,7.9
52.267627,0.214582,5.4,2.9,6.4
52.267581,0.214622,5.2,2.9,5.7
52.267547,0.214657,6.1,3.3,6.2
52.267468,0.214755,6.7,3.3,7.0
52.267434,0.214822,7.2,3.4,6.8
52.267407,0.214863,5.5,3.3,6.5
52.267356,0.214976,5.5,3.3,6.3
52.267332,0.215050,5.4,3.3,6.0
52.267312,0.215103,5.5,3.1,6.0
52.267251,0.215219,5.3,3.1,5.9
52.267218,0.215293,5.5,3.1,5.9
52.267186,0.215329,5.5,3.1,5.7
52.267107,0.215417,5.7,3.1,6.3
52.267063,0.215466,5.7,3.1,6.7
52.267029,0.215499,6.6,3.3,7.0
52.266960,0.215608,6.4,3.3,8.1
52.266924,0.215653,6.5,3.3,9.2
52.266881,0.215714,6.0,3.3,10.7
52.266816,0.215783,6.1,3.3,11.3
52.266773,0.215853,6.2,3.3,11.6
52.266745,0.215901,4.7,3.2,11.3
52.266692,0.216022,4.7,3.2,10.3
52.266671,0.216068,4.4,3.2,9.5
52.266637,0.216126,5.0,3.2,8.9
52.266576,0.216233,4.8,3.2,8.6
52.266568,0.216290,4.6,3.2,7.6
52.266528,0.216349,5.4,3.3,7.3
52.266455,0.216441,7.6,3.3,6.0
52.266430,0.216489,8.8,3.4,6.0
52.266401,0.216532,14.8,3.8,6.3
52.266342,0.216632,14.8,3.7,6.8
52.266305,0.216673,14.7,3.7,7.3
52.266267,0.216728,13.9,3.5,6.7
52.266186,0.216795,13.9,3.5,6.3
52.266154,0.216819,14.0,3.5,7.8
52.266106,0.216847,4.1,3.2,7.7
52.266012,0.216904,4.0,3.2,7.5
52.265985,0.216933,3.9,3.2,5.8
52.265938,0.217006,5.5,3.4,3.6
52.265876,0.217155,6.9,3.5,0.6
52.265847,0.217214,7.8,3.5,0.7
52.265806,0.217283,15.4,3.6,1.2
52.265697,0.217442,15.5,3.7,1.6
52.265665,0.217472,16.3,3.7,1.3
52.265623,0.217524,16.6,3.6,1.3
52.265554,0.217604,17.0,3.6,0.1
52.265552,0.217640,17.2,3.6,-1.4
52.265544,0.217657,18.5,3.5,-1.2
52.265539,0.217667,19.4,3.6,-3.0
52.265533,0.217656,19.5,3.6,-3.6
52.265503,0.217675,114.5,6.7,-3.2
52.265511,0.217704,127.6,7.1,-0.3
52.265515,0.217701,130.9,7.2,-1.1
52.265513,0.217691,132.8,7.3,-1.6
52.265505,0.217682,132.5,7.3,-1.5
52.265504,0.217708,131.2,7.2,-0.2
52.265470,0.217755,22.1,3.7,0.9
52.265412,0.217854,16.2,3.5,-0.2
52.265393,0.217909,11.4,3.3,0.2
52.265364,0.217976,12.6,3.3,0.3
52.265273,0.218080,13.0,3.4,2.9
52.265246,0.218120,14.2,3.5,3.2
52.265203,0.218157,21.8,4.1,3.1
52.265095,0.218346,23.3,4.2,2.4
52.265070,0.218395,23.3,4.2,2.2
52.265028,0.218447,14.3,3.3,2.3
52.264934,0.218577,13.0,3.1,2.3
52.264903,0.218619,12.1,3.1,2.4
52.264878,0.218678,13.8,3.0,2.5
52.264828,0.218784,13.9,3.0,2.5
52.264798,0.218821,13.7,3.0,2.3
52.264764,0.218869,17.4,3.4,1.7
52.264695,0.218936,17.7,3.4,2.6
52.264671,0.218972,17.8,3.5,2.9
52.264630,0.219026,23.9,3.9,3.5
52.264629,0.219140,23.9,3.9,-0.5
52.264631,0.219193,24.6,4.0,-1.9
52.264599,0.219266,47.3,5.0,-1.9
52.264478,0.219435,48.5,5.1,-2.3
52.264448,0.219473,47.9,5.1,-1.5
52.264400,0.219530,40.2,4.6,-0.2
52.264325,0.219619,38.5,4.4,0.3
52.264300,0.219663,36.0,4.3,0.7
52.264266,0.219716,26.1,4.3,0.5
52.264172,0.219904,26.2,4.5,1.6
52.264134,0.219939,25.0,4.5,1.6
52.264096,0.219995,18.8,4.0,2.4
52.264056,0.220120,18.5,4.1,3.8
52.264036,0.220104,15.4,3.8,3.8
52.264033,0.220099,46.4,4.9,2.1
52.264008,0.220112,48.2,4.9,0.3
52.263986,0.220128,48.4,4.9,-5.6
52.263976,0.220124,67.4,5.8,-8.5
52.263971,0.220120,69.5,6.1,-2.1
52.263977,0.220113,75.9,6.4,-2.5
52.263994,0.220096,63.9,5.6,-4.4
52.264000,0.220107,61.4,5.5,-2.3
52.263992,0.220108,58.8,5.5,-1.6
52.263989,0.220101,45.4,4.7,-1.4
52.263995,0.220088,42.0,4.7,-1.6
52.263993,0.220097,37.6,4.4,-0.2
52.263993,0.220108,10.5,3.1,0.2
52.263937,0.220188,9.6,3.1,2.1
52.263916,0.220199,9.6,3.1,3.8
52.263866,0.220256,8.5,3.0,4.9
52.263802,0.220347,8.6,3.1,7.0
52.263774,0.220387,8.7,3.1,6.0
52.263750,0.220425,10.6,3.2,5.6
52.263673,0.220490,10.4,3.2,6.6
52.263615,0.220468,6.9,3.1,10.7
52.263579,0.220518,7.2,3.3,11.8
52.263522,0.220617,7.5,3.4,12.3
52.263497,0.220661,7.4,3.3,11.6
52.263471,0.220716,6.3,3.2,11.5
52.263536,0.220847,6.0,3.2,10.7
52.263555,0.220891,5.6,3.2,10.4
52.263574,0.220938,4.9,2.9,10.9
52.263562,0.221019,5.1,3.0,10.1
52.263569,0.221017,5.1,2.9,10.5
52.263568,0.221023,5.1,3.1,10.6
52.263494,0.221112,5.1,3.1,11.2
52.263446,0.221194,5.1,3.1,11.3
52.263385,0.221268,5.0,3.3,11.4
52.263189,0.221474,4.8,3.2,12.4
52.263085,0.221573,4.8,3.2,12.4
52.262946,0.221715,4.8,3.1,13.3
52.262752,0.222052,4.5,3.0,13.7
52.262634,0.222126,4.1,3.0,14.8
52.262509,0.222314,3.9,2.7,15.9
52.262329,0.222551,3.9,2.7,16.4
52.262246,0.222619,3.7,2.6,16.3
52.262175,0.222716,4.0,2.7,14.5
52.262017,0.222858,4.1,2.7,14.7
52.261959,0.222907,4.1,2.7,16.3
52.261875,0.222970,3.4,2.6,18.5
52.261535,0.223219,3.7,2.6,20.3
52.261407,0.223344,3.8,2.6,21.2
52.261285,0.223445,4.1,2.4,22.0
52.260890,0.223823,4.7,2.4,18.6
52.260748,0.223971,4.9,2.5,16.4
52.260644,0.224049,5.9,2.7,15.6
52.260377,0.224181,5.6,2.7,14.5
52.260228,0.224307,5.5,2.7,13.8
52.260114,0.224443,6.1,2.7,13.1
52.259819,0.224713,5.9,2.7,9.8
52.259635,0.224792,5.6,2.6,8.8
52.259509,0.224862,4.7,2.5,9.0
52.259273,0.225137,4.7,2.5,8.8
52.259157,0.225349,4.8,2.5,10.9
52.259067,0.225465,4.7,2.9,12.6
52.258440,0.226124,4.9,2.9,8.6
52.258299,0.226305,4.3,2.9,10.6
52.258203,0.226462,4.2,2.6,12.0
52.257779,0.227005,3.8,2.5,11.6
52.257601,0.227135,3.7,2.5,13.1
52.257472,0.227269,3.4,2.4,11.6
52.257219,0.227614,3.5,2.4,15.6
52.257066,0.227856,4.0,2.4,18.3
52.256947,0.227989,4.7,2.6,21.8
52.256574,0.228396,4.7,2.6,22.4
52.256399,0.228547,4.8,2.7,23.2
52.256264,0.228656,4.5,2.7,26.2
52.256061,0.229059,4.8,2.6,25.6
52.255934,0.229340,4.2,2.6,23.8
52.255828,0.229544,5.5,2.7,20.7
52.255545,0.229911,4.6,2.6,16.9
52.255380,0.230101,4.6,2.6,13.4
52.255249,0.230218,4.5,2.4,12.1
52.254878,0.230493,4.2,2.4,11.0
52.254722,0.230637,4.3,2.4,11.4
52.254618,0.230773,3.0,2.2,11.4
52.254357,0.231112,3.0,2.3,11.5
52.254204,0.231322,3.0,2.3,9.3
52.254086,0.231491,4.5,2.8,7.1
52.253653,0.232005,4.5,2.8,2.8
52.253554,0.232189,4.5,2.8,1.4
52.253597,0.232372,4.2,3.1,0.5
52.253931,0.233057,4.3,3.1,3.2
52.254014,0.233262,4.2,3.1,1.1
52.254090,0.233431,3.2,2.4,-0.7
52.254457,0.234182,3.3,2.4,3.3
52.254584,0.234425,4.1,2.5,5.2
52.254687,0.234607,4.4,2.6,6.3
52.254908,0.235069,4.5,2.7,4.9
52.255046,0.235322,4.6,2.7,4.2
52.255158,0.235528,4.4,3.0,3.7
52.255526,0.236190,3.8,2.9,1.2
52.255661,0.236440,3.7,2.9,-0.2
52.255768,0.236628,3.4,2.6,0.3
52.256000,0.237100,3.4,2.6,4.3
52.256127,0.237354,3.4,2.6,5.0
52.256239,0.237564,3.8,2.6,4.3
52.256474,0.238022,3.9,2.5,4.5
52.256615,0.238302,3.7,2.5,3.7
52.256714,0.238505,3.6,2.8,3.0
52.256968,0.238999,3.5,2.8,3.6
52.257104,0.239252,3.8,2.8,3.9
52.257197,0.239439,5.7,2.9,3.5
52.257477,0.239915,5.9,2.9,3.5
52.257608,0.240081,5.9,3.0,4.7
52.257719,0.240239,6.8,3.3,4.0
52.257971,0.240586,6.9,3.4,4.0
52.258133,0.240805,6.8,3.6,3.4
52.258257,0.240973,5.0,3.4,4.2
52.258647,0.241504,5.0,3.4,6.0
52.258794,0.241712,4.9,3.5,5.9
52.258917,0.241890,4.0,2.9,6.1
52.259178,0.242280,3.7,2.7,5.6
52.259321,0.242484,3.7,2.7,6.5
52.259433,0.242658,3.4,2.8,6.4
52.259818,0.243185,3.5,2.9,5.0
52.259984,0.243406,3.3,2.6,4.3
52.260100,0.243572,3.8,2.9,4.2
52.260168,0.243987,3.8,3.0,6.9
52.260060,0.244194,4.4,3.0,7.7
52.259989,0.244355,4.9,3.0,10.3
52.259863,0.244874,5.5,3.2,9.8
52.259960,0.245050,5.5,3.1,8.8
52.260037,0.245195,19.4,17.8,8.2
52.260377,0.245782,19.3,17.7,5.1
52.260521,0.246025,19.4,17.8,4.5
52.260615,0.246208,85.7,79.8,4.4
52.260801,0.246642,84.7,78.9,3.5
52.260885,0.246884,84.6,78.8,4.0
52.260945,0.247059,77.4,72.0,4.1
52.261128,0.247422,77.4,72.0,3.6
52.261261,0.247611,77.7,72.3,3.8
52.261373,0.247756,11.3,10.2,3.2
52.261604,0.248096,11.3,10.2,3.5
52.261735,0.248344,11.3,10.2,3.7
52.261825,0.248551,6.0,3.2,3.7
52.262009,0.249067,5.8,3.2,4.1
52.262107,0.249362,6.1,3.2,4.5
52.262182,0.249582,5.6,2.9,4.6
52.262378,0.250082,5.6,2.9,4.0
52.262518,0.250350,5.3,2.9,4.2
52.262632,0.250527,5.0,3.0,4.1
52.262929,0.250890,4.8,3.0,3.2
52.263112,0.251098,4.9,3.0,2.2
52.263240,0.251256,4.3,2.9,2.3
52.263497,0.251667,4.3,2.9,3.3
52.263618,0.251937,4.3,2.9,3.8
52.263695,0.252146,5.2,2.7,4.4
52.263842,0.252647,5.1,2.7,4.5
52.263943,0.252904,5.1,2.6,3.9
52.264056,0.253054,6.0,2.6,3.8
52.264271,0.253450,5.8,2.5,3.6
52.264409,0.253596,5.8,2.5,3.6
52.264488,0.253725,5.9,2.4,4.1
52.264420,0.254065,5.9,2.5,6.5
52.264369,0.254226,4.6,2.4,7.2
52.264334,0.254324,5.2,2.8,8.0
52.264342,0.254472,4.6,2.8,9.9
52.264389,0.254543,4.7,2.9,10.9
52.264473,0.254559,7.7,3.5,10.7
52.264758,0.254472,7.8,3.5,9.7
52.264905,0.254739,7.5,3.4,10.1
52.264987,0.254906,7.9,3.5,8.9
52.265165,0.255237,7.9,3.5,8.4
52.265257,0.255452,7.8,3.5,8.1
52.265336,0.255624,4.5,2.8,8.4
52.265533,0.256026,4.6,2.8,8.4
52.265661,0.256240,4.8,2.8,7.1
52.265748,0.256376,4.3,2.6,6.8
52.265963,0.256794,4.3,2.6,6.1
52.266072,0.257031,4.3,2.6,5.7
52.266145,0.257196,4.3,2.6,4.5
52.266351,0.257609,4.3,2.6,4.6
52.266457,0.257834,4.2,2.6,5.0
52.266522,0.257987,3.8,2.7,4.5
52.266713,0.258404,3.9,2.7,4.9
52.266849,0.258652,3.9,2.7,4.9
52.266932,0.258828,3.9,2.9,5.4
52.267135,0.259252,3.9,3.0,5.2
52.267218,0.259440,3.9,2.9,5.0
52.267285,0.259579,5.7,3.1,4.9
52.267485,0.259991,5.7,3.1,6.2
52.267594,0.260233,5.7,3.1,7.6
52.267680,0.260421,6.5,3.3,7.8
52.267907,0.260884,6.5,3.3,6.8
52.268037,0.261156,6.6,3.4,6.2
52.268137,0.261367,4.5,3.1,6.1
52.268374,0.261836,4.6,3.1,6.3
52.268505,0.262109,4.6,3.1,5.8
52.268604,0.262309,4.4,3.0,5.8
52.268823,0.262767,4.4,3.0,4.6
52.268937,0.263000,4.3,3.0,4.0
52.269037,0.263074,3.8,2.7,4.5
52.269259,0.262858,3.8,2.8,5.1
52.269360,0.262702,3.9,2.8,6.0
52.269443,0.262571,4.2,2.7,5.9
52.269645,0.262200,4.0,2.7,7.3
52.269779,0.261999,4.1,2.8,8.8
52.269877,0.261842,4.9,2.7,10.9
52.270068,0.261480,4.9,2.7,15.4
52.270213,0.261308,4.8,2.7,18.6
52.270344,0.261241,4.1,2.5,18.0
52.270635,0.261327,4.0,2.5,13.7
52.270823,0.261454,4.0,2.5,12.9
52.270962,0.261523,4.2,2.6,11.6
52.271287,0.261722,4.2,2.6,6.2
52.271472,0.261840,4.2,2.5,5.3
52.271599,0.261927,4.0,2.4,4.3
52.271908,0.262129,4.2,2.5,2.0
52.272097,0.262263,4.4,2.6,1.6
52.272236,0.262386,4.1,2.7,0.0
52.272530,0.262584,4.1,2.7,-0.9
52.272710,0.262701,4.1,2.7,0.6
52.272846,0.262779,4.9,2.7,1.7
52.273153,0.262961,4.7,2.7,5.2
52.273339,0.263091,4.7,2.8,5.9
52.273476,0.263174,4.1,2.5,7.2
52.273802,0.263402,3.9,2.4,8.7
52.274000,0.263539,3.9,2.4,8.1
52.274153,0.263639,3.5,2.7,8.4
52.274477,0.263854,4.0,2.7,7.1
52.274671,0.263993,4.1,2.7,7.4
52.274820,0.264098,4.1,2.5,8.1
52.275131,0.264303,4.2,2.6,10.4
52.275314,0.264411,4.2,2.6,11.6
52.275459,0.264519,3.7,2.2,11.2
52.275786,0.264744,3.7,2.2,11.5
52.275982,0.264890,3.8,2.3,11.3
52.276117,0.264975,3.0,2.1,11.5
52.276404,0.265142,2.9,2.1,13.7
52.276585,0.265269,2.9,2.1,13.9
52.276715,0.265343,2.4,1.9,13.2
52.277048,0.265539,2.3,1.8,10.5
52.277217,0.265635,2.2,1.9,9.5
52.277353,0.265703,3.8,2.1,9.5
52.277605,0.265854,3.8,2.1,10.6
52.277746,0.265953,3.9,2.1,11.0
52.277850,0.266028,6.3,2.6,11.1
52.278136,0.266194,6.8,2.6,11.2
52.278273,0.266286,7.1,2.7,15.0
52.278404,0.266354,7.3,2.8,16.4
52.278706,0.266531,7.6,2.8,20.4
52.278908,0.266658,7.7,2.9,21.5
52.279050,0.266746,7.3,2.9,21.7
52.279401,0.266936,7.2,2.8,21.7
52.279601,0.267028,6.1,2.8,21.0
52.279727,0.267101,4.4,2.6,21.9
52.280057,0.267280,4.3,2.6,22.2
52.280256,0.267382,4.2,2.6,21.1
52.280418,0.267467,3.6,2.4,20.1
52.280778,0.267664,3.5,2.4,17.2
52.280982,0.267775,3.4,2.4,16.3
52.281138,0.267853,4.7,2.7,15.3
52.281497,0.267919,4.7,2.7,13.9
52.281704,0.267862,4.7,2.6,14.1
52.281853,0.267807,6.7,2.8,14.4
52.282159,0.267585,6.7,2.8,12.3
52.282329,0.267445,6.7,2.8,11.2
52.282450,0.267360,5.1,2.1,10.3
52.282757,0.267156,5.1,2.2,7.8
52.282928,0.267084,5.3,2.1,7.0
52.283053,0.267109,4.6,2.0,5.1
52.283227,0.267515,4.4,2.1,2.2
52.283273,0.267794,4.6,2.1,1.8
52.283313,0.268006,5.9,2.7,2.3
52.283411,0.268524,6.0,2.7,2.6
52.283472,0.268817,6.1,2.8,3.6
52.283523,0.269042,5.9,2.9,3.7
52.283626,0.269570,6.0,2.9,5.0
52.283691,0.269892,5.9,3.0,5.1
52.283738,0.270136,4.6,2.7,4.7
52.283840,0.270689,4.9,2.7,3.6
52.283904,0.270977,5.2,2.7,2.9
52.283952,0.271194,4.0,2.6,2.5
52.284061,0.271701,4.0,2.6,3.0
52.284109,0.271917,3.9,2.6,2.8
52.284163,0.272218,5.3,2.6,2.9
52.284257,0.272677,5.3,2.6,3.6
52.284323,0.272994,5.3,2.6,4.1
52.284369,0.273226,6.0,2.8,4.3
52.284475,0.273778,6.0,2.8,3.2
52.284528,0.274021,5.8,2.7,3.2
52.284597,0.274345,4.6,2.5,2.9
52.284690,0.274817,4.4,2.5,2.3
52.284747,0.275133,4.1,2.4,2.3
52.284788,0.275357,4.9,2.4,2.2
52.284891,0.275878,5.1,2.5,1.7
52.284937,0.276105,4.2,2.5,1.9
52.285001,0.276413,4.1,2.5,2.4
52.285102,0.276948,4.1,2.5,1.1
52.285148,0.277179,4.1,2.5,0.8
52.285207,0.277489,4.2,2.7,0.4
52.285203,0.278000,3.9,2.7,0.4
52.285203,0.278223,3.9,2.7,0.7
52.285280,0.278473,6.1,2.9,1.1
52.285404,0.278875,6.2,2.9,0.6
52.285460,0.279061,6.1,2.9,1.2
52.285534,0.279308,11.6,3.2,2.3
52.285672,0.279732,12.7,3.2,3.4
52.285717,0.279908,15.9,3.4,3.2
52.285781,0.280148,41.9,4.7,3.7
52.285885,0.280472,43.1,4.8,5.3
52.285927,0.280596,44.4,4.8,5.3
52.285979,0.280759,63.4,5.8,5.6
52.286072,0.281036,63.0,5.7,7.0
52.286105,0.281122,62.5,5.7,7.0
52.286138,0.281210,44.0,4.7,6.8
52.286148,0.281242,43.2,4.7,6.7
52.286135,0.281212,41.5,4.5,6.4
52.286141,0.281221,28.4,3.7,7.0
52.286161,0.281237,25.1,3.6,9.9
52.286168,0.281245,24.3,3.5,11.0
52.286167,0.281246,15.5,3.2,10.6
52.286170,0.281252,15.4,3.3,10.5
52.286169,0.281254,15.2,3.3,9.5
52.286169,0.281250,9.8,3.3,8.8
52.286177,0.281273,9.8,3.3,8.9
52.286198,0.281325,9.3,3.2,9.0
52.286245,0.281479,8.4,3.4,7.2
52.286411,0.282064,8.3,3.4,4.5
52.286461,0.282427,8.6,3.4,1.5
52.286455,0.282879,9.1,3.2,1.6
52.286600,0.283551,9.2,3.3,0.2
52.286641,0.283821,9.3,3.3,0.4
52.286642,0.284134,10.6,3.8,1.0
52.286640,0.284582,10.5,3.7,0.9
52.286642,0.284784,10.8,3.7,0.7
52.286635,0.285046,9.4,3.6,0.7
52.286639,0.285537,9.4,3.6,1.6
52.286641,0.285748,9.4,3.6,1.9
52.286649,0.286033,8.3,3.0,1.9
52.286743,0.286596,7.8,3.0,1.2
52.286809,0.286781,7.8,3.0,0.3
52.286952,0.286944,6.7,2.9,-0.6
52.287217,0.287194,6.6,2.8,-1.5
52.287331,0.287302,6.6,2.8,-1.5
52.287482,0.287446,4.8,2.9,-3.3
52.287766,0.287689,4.4,2.9,-2.7
52.287886,0.287805,4.4,2.9,-3.8
52.288045,0.287953,5.0,3.0,-3.5
52.288332,0.288251,5.2,3.0,-1.5
52.288453,0.288377,5.4,3.0,-0.2
52.288608,0.288545,5.3,2.9,0.6
52.288886,0.288863,5.3,2.9,1.0
52.289006,0.288991,4.8,2.8,0.8
52.289172,0.289150,5.5,2.9,1.1
52.289432,0.289414,5.6,2.9,2.5
52.289545,0.289526,5.5,2.9,2.5
52.289695,0.289681,5.8,3.0,2.6
52.289972,0.289951,5.8,3.0,4.9
52.290088,0.290063,5.7,3.0,5.2
52.290245,0.290223,4.7,2.9,5.7
52.290944,0.290874,4.7,2.9,2.7
52.291068,0.290972,4.7,2.8,2.5
52.291217,0.291094,4.4,2.7,2.3
52.291420,0.291318,6.9,2.8,1.0
52.291512,0.291421,7.4,2.8,0.1
52.291634,0.291585,9.3,2.9,-0.6
52.291877,0.291822,9.2,2.9,-1.1
52.292013,0.291957,9.0,2.9,-1.5
52.292197,0.292133,6.2,3.1,-0.9
52.292681,0.292614,6.0,3.1,-1.6
52.292813,0.292735,5.5,3.2,-0.7
52.292984,0.292913,5.4,2.9,-0.2
52.293495,0.293421,5.5,2.8,0.6
52.293613,0.293542,5.4,2.8,1.1
52.293768,0.293688,4.7,2.6,1.8
52.294049,0.293969,4.6,2.6,0.6
52.294176,0.294105,4.6,2.6,0.2
52.294346,0.294280,4.9,2.5,-0.8
52.294823,0.294760,5.0,2.5,-0.9
52.294952,0.294889,4.9,2.5,-0.6
52.295116,0.295053,7.4,3.3,-1.0
52.295492,0.295224,7.5,3.3,0.5
52.295588,0.295100,7.5,3.3,1.1
52.295688,0.294866,7.2,3.3,2.1
52.295867,0.294457,7.3,3.3,2.9
52.295944,0.294290,7.5,3.3,2.4
52.296039,0.294072,5.2,2.5,1.0
52.296303,0.293436,5.1,2.5,-0.3
52.296387,0.293266,5.2,2.5,-0.8
52.296482,0.293042,4.3,2.4,-1.5
52.296644,0.292649,5.0,2.4,-3.0
52.296718,0.292513,5.0,2.4,-3.4
